102 158 3 1000 2 9984
0
89
188 156 2 11 3 1
3
141 170 11 3 2 1

171 170 11 3 2 1

171 170 11 3 2 1

535 270 1 11 5 1
0
400 0 2 11 5 1
0
625 55 1 11 5 1
0
0 210 0 11 5 1
2
14 64 11 3 0 1

14 189 11 3 0 1

715 270 1 11 5 1
0
670 85 1 11 5 1
0
260 110 0 11 5 1
14
67 134 11 3 2 1

69 134 11 3 2 1

73 134 11 3 2 1

76 134 11 3 2 1

76 134 11 3 2 1

78 134 11 3 2 1

82 134 11 3 2 1

83 134 11 3 2 1

162 179 11 3 2 1

162 179 11 3 2 1

185 164 11 3 2 1

185 164 11 3 2 1

200 164 11 3 2 1

274 94 11 3 0 1

640 270 2 11 5 1
0
640 155 0 11 5 1
0
715 0 2 11 5 1
0
760 45 0 11 5 1
0
715 125 1 11 5 1
0
1085 45 0 11 5 1
0
370 190 0 11 5 1
5
399 58 11 3 0 1

399 59 11 3 0 1

296 174 11 3 2 1

296 174 11 3 2 1

384 258 11 3 1 1

1130 0 2 11 5 1
0
805 0 2 11 5 1
0
720 170 2 11 5 1
0
760 240 0 11 5 1
0
1360 0 2 11 5 1
0
760 90 2 11 5 1
0
805 270 2 11 5 1
0
1605 155 1 11 5 1
0
1435 270 2 11 5 1
0
1535 270 1 11 5 1
0
835 45 0 11 5 1
0
765 135 0 11 5 1
0
880 90 0 11 5 1
0
1580 270 1 11 5 1
0
925 35 1 11 5 1
0
1515 225 1 11 5 1
0
1130 75 1 11 5 1
0
1560 200 0 11 5 1
0
880 0 2 11 5 1
0
2185 110 1 11 5 1
0
1040 220 1 11 5 1
0
2275 270 1 11 5 1
0
1405 35 1 11 5 1
0
1605 225 1 11 5 1
0
2320 270 1 11 5 1
0
1330 160 2 11 5 1
0
2570 205 1 11 5 1
0
1935 245 0 11 5 1
0
2275 0 2 11 5 1
0
2320 45 0 11 5 1
0
1640 270 1 11 5 1
0
2680 270 1 11 5 1
0
2770 225 1 11 5 1
0
2815 270 2 11 5 1
0
2535 0 2 11 5 1
0
1790 0 2 11 5 1
0
2995 225 1 11 5 1
0
3040 270 1 11 5 1
0
2615 160 2 11 5 1
0
2365 0 0 11 5 1
0
1990 150 2 11 5 1
1
1979 164 11 3 2 1

2985 0 2 11 5 1
0
2970 100 2 11 5 1
0
2520 190 0 11 5 1
0
2660 210 1 11 5 1
0
3085 270 2 11 5 1
0
3205 0 2 11 5 1
0
2820 30 0 11 5 1
0
2665 145 2 11 5 1
0
3175 115 0 11 5 1
0
3750 205 2 11 5 1
0
2730 0 2 11 5 1
0
3825 45 0 11 5 1
0
3130 260 0 11 5 1
0
3145 165 2 11 5 1
0
3160 215 1 11 5 1
0
3565 195 2 11 5 1
0
3830 270 2 11 5 1
0
3790 0 2 11 5 1
0
4125 0 0 11 5 1
0
3915 130 1 11 5 1
0
3870 90 0 11 5 1
0
3870 0 2 11 5 1
0
3875 235 0 11 5 1
0
4285 65 1 11 5 1
0
4415 0 0 11 5 1
0
4460 135 1 11 5 1
0
3560 150 2 11 5 1
0
4555 225 1 11 5 1
0
4600 270 2 11 5 1
0
4505 0 2 11 5 1
0
3960 90 0 11 5 1
0
3915 45 2 11 5 1
0
3940 270 2 11 5 1
0
11